0.099342 130
0.106548 17
0.014559 76
0.000092 3
0.000009 7
0.000026 1
1.151870 3
0.111904 1
0.184034 1
0.839932 10
1.066200 16
0.002050 401
0.006942 144
0.113245 278
0.015884 31
2.268097 32
0.375875 31
0.120189 31
0.135841 31
0.096087 31
0.175703 31
0.112168 7
0.827713 2
0.000021 151
0.000274 279
0.005215 522
2.888272 162
0.000301 159
0.095688 180
0.015693 38
1.695168 39
0.503787 38
0.096052 38
0.615971 39
0.127967 39
0.103997 38
0.135851 38
0.160143 38
0.223924 38
0.088075 38
0.599757 38
0.119849 38
0.128256 38
0.376061 38
0.127953 38
0.063870 38
0.104150 38
0.096079 38
0.183943 38
0.215978 38
0.119972 38
0.072027 38
0.167873 38
0.376220 38
0.183945 38
0.191968 38
0.223957 7
0.155643 161
0.000286 173
0.005200 2
1.150881 492
0.002688 264
0.000191 2
0.374612 7
0.000270 65
0.000092 21
0.000019 243
0.005170 1
1.856818 3
0.639939 1
0.144010 1
0.088100 1
0.087970 1
0.104014 1
1.223923 243
0.519343 3
