0.619885 130
0.105967 4
0.014444 13
0.000019 76
0.000123 3
0.000009 7
0.000037 1
0.768268 3
1.208015 1
0.807993 1
0.143919 1
0.183966 1
0.111893 1
0.104232 1
0.191922 1
0.208062 1
0.071858 1
0.104176 7
1.035528 1
0.000029 2
0.000017 130
0.000179 4
0.004392 12
0.000020 1
0.000015 76
0.000167 3
0.000017 7
0.000087 1
0.591447 3
0.247975 1
0.312127 1
0.343952 1
0.271908 1
0.096126 1
0.071332 10
0.826629 19
0.002192 15
0.003772 73
0.001003 2035
0.000278 1261
0.000244 22
2.591632 33
0.486617 19
0.312217 33
0.320102 19
0.336037 33
0.287994 19
0.327941 33
0.255977 19
0.479930 33
0.336187 19
0.815980 19
0.151833 19
0.104165 19
0.079966 19
0.352072 19
0.287952 19
0.232014 19
0.223608 19
0.240315 33
0.488026 36
0.864044 1
0.287878 13
0.528182 73
0.007927 233
0.004884 1
1.283053 3
0.464048 1
0.159933 1
0.096115 1
0.079689 1
0.072254 1
0.103943 7
0.403649 3
0.000036 130
0.000110 4
0.004254 12
0.000014 1
0.000010 76
0.000148 3
0.000013 7
0.000064 3
