0.012199 130
0.110788 17
0.014698 76
0.000111 10
0.000012 1
0.787142 3
0.199940 1
0.120003 1
0.263952 1
0.159840 1
0.224211 1
0.504019 1
0.456017 1
0.135930 1
0.103912 1
0.135925 1
0.176173 1
0.199895 1
0.048028 1
0.176115 1
0.207984 1
0.119990 1
0.423998 1
0.199692 1
0.112241 1
0.199074 1
0.344960 1
0.135952 1
0.544064 10
0.794255 36
0.002120 139
0.020955 56
0.000007 130
0.000428 4
0.004524 13
0.000018 76
0.000177 3
0.000016 7
0.000146 1
1.145389 3
0.375912 1
0.296047 1
0.144127 1
0.151870 1
0.359846 1
0.240151 1
0.143975 7
0.763963 3
0.000095 130
0.000165 16
0.004286 1
0.000017 76
0.000106 3
0.000022 7
0.000054 3
