0.147625 135
0.116040 4
0.016492 32
0.000008 162
0.000130 3
0.000007 7
0.000047 1
2.759060 3
4.525957 1
0.319828 1
0.309905 1
0.274051 1
0.295666 1
0.232010 1
0.441053 1
0.365978 1
0.325258 1
0.422791 36
0.371791 9
0.026131 93
0.000010 54
0.000013 135
0.001917 35
0.018600 1
0.000027 165
0.000517 7
0.000090 1
3.125230 3
4.661359 1
0.279783 1
0.238749 1
0.194556 1
0.309788 1
0.168382 1
0.275049 1
0.175594 1
0.277826 1
0.261160 36
0.402081 28
0.030269 128
0.000010 135
0.006083 4
0.019203 31
0.000018 1
0.000013 162
0.000486 3
0.000013 7
0.000265 1
2.825241 161
0.472380 4
0.022867 32
0.000038 162
0.000158 3
0.000007 7
0.000029 3
