0.085330 114
0.121892 30
0.037944 1
0.000025 157
0.000296 3
0.000007 7
0.000054 7
1.825816 3
0.000070 114
0.000940 4
0.035883 27
0.000036 157
0.000390 3
0.000031 7
0.000178 1
0.861967 3
0.867547 1
0.543959 1
0.370587 1
0.140395 16
0.288789 44
1.136059 15
0.111553 27
0.000007 67
0.000657 11
0.000067 4
0.059703 2047
0.005511 829
0.001536 14
0.000139 18
0.000659 100
0.005236 36
0.982008 2065
0.343559 1209
0.001927 40
1.096608 362
0.002787 396
0.213340 388
0.156086 26
0.149955 17
0.000469 345
0.008408 399
0.157437 396
0.174032 26
0.156689 17
0.000551 343
0.006396 26
0.190446 17
0.000692 321
0.007812 77
1.656252 1755
0.005613 33
0.000010 80
1.019399 82
0.381621 82
0.251623 28
0.115056 21
0.007143 18
0.000008 10
0.000019 8
0.003850 18
0.000008 10
0.000023 83
0.002051 23
0.000008 52
0.005979 80
0.092452 81
0.092496 81
0.080396 70
0.598533 81
0.155254 81
0.153399 82
0.136183 81
0.152585 57
0.479957 24
0.546379 601
0.019401 59
0.086138 29
0.001658 7
0.000186 993
0.001974 19
0.000549 55
0.678760 19
0.364910 19
0.483881 7
1.387100 54
0.000444 17
0.000023 7
0.000068 20
0.000023 114
0.011328 30
0.020068 1
0.000026 167
0.000445 1
2.706226 3
0.350951 1
0.156918 1
0.094277 1
0.091845 1
0.119405 1
0.294542 1
0.206366 1
0.243188 1
0.047696 1
0.653721 1
0.320724 1
0.220984 1
0.231557 7
0.868059 3
0.000025 114
0.000707 30
0.034550 1
0.000028 160
0.000312 7
0.000076 3
